
TUI TIS model parameters
Minimal length of ORF: 300
GC%: 0.585408
Positional weight Matrix for signals in lower upstream region [-20, 0).
Positional weight Matrix for signals in upper upstream region [-35, -15).
Positional weight Matrix for TIS.
              A              C              G              T
          0.226          0.348          0.160          0.264
          0.377          0.294          0.214          0.113
          0.369          0.235          0.209          0.184
          0.343          0.514          0.027          0.114
          0.990          0.003          0.003          0.003
          0.25.          0.25.          0.25.          0.25.
          0.25.          0.25.          0.25.          0.25.
          0.701          0.179          0.119              0
          0.272          0.366          0.233          0.127
          0.304          0.240          0.116          0.338
          0.116          0.038          0.264          0.580
          0.438          0.233          0.042          0.285
          0.169          0.151          0.237          0.441
          0.425          0.212          0.106          0.255
          0.113          0.186          0.315          0.385
          0.189          0.189          0.325          0.295
          0.220          0.485          0.128          0.165
          0.288          0.243          0.072          0.396
          0.141          0.105          0.011          0.741
          0.113          0.262          0.165          0.459
          0.153          0.487          0.272          0.086
          0.641          0.160          0.111          0.087
Weight for the ith candidate start codon
       ith         weight
         1          0.420
         2          0.105
         3          0.158
         4          0.105
         5          0.105
         6          0.105
Distribution of distance from a TIS to its immediately upstream stop codon
  distance              %
         0          0.200
         2          0.200
        20          0.200
        26          0.200
        37          0.200
    others          0.200
GB distribution for coding region downstream of TIS
   GB          Prob.
   62          0.031
   65          0.031
   67          0.031
   69          0.093
   70          0.031
   71          0.062
   72          0.093
   73          0.062
   74          0.093
   75          0.093
   76          0.031
   77          0.125
   78          0.093
   79          0.062
   81          0.062
GB distribution for non-coding region upstream of TIS
   GB          Prob.
   58          0.2.0
   60          0.4.0
   64          0.2.0
   67          0.2.0
Weight for motif in region [-35,-15) and [-20, 0 )
        0.50066        0.49934
TUL TIS model parameters
Minimal length of ORF: 300
GC%: 0.585408
Positional weight Matrix for signals in lower upstream region [-20, 0).
Positional weight Matrix for signals in upper upstream region [-35, -15).
Positional weight Matrix for TIS.
              A              C              G              T
          0.265          0.281          0.187          0.265
              0          0.249          0.398          0.351
          0.215          0.407          0.305          0.071
          0.369          0.217          0.043          0.369
          0.25.          0.25.          0.25.          0.25.
          0.25.          0.25.          0.25.          0.25.
          0.25.          0.25.          0.25.          0.25.
          0.414          0.248          0.213          0.124
          0.194          0.525          0.233          0.046
          0.283          0.113          0.377          0.226
          0.146          0.085          0.256          0.512
          0.019          0.869          0.066          0.044
          0.480          0.384          0.134              0
          0.480          0.060          0.427          0.032
          0.559          0.24.              0          0.2.0
          0.277          0.433              0          0.289
              0              0              0          0.999
          0.246          0.197          0.308          0.246
          0.638          0.042          0.287          0.031
          0.128          0.772          0.021          0.077
          0.469          0.086          0.130          0.313
          0.179          0.398          0.143          0.278
Weight for the ith candidate start codon
       ith         weight
         1          0.166
         2          0.166
         3          0.166
         4          0.166
         5          0.166
         6          0.166
Distribution of distance from a TIS to its immediately upstream stop codon
  distance              %
    others          0.055
GB distribution for coding region downstream of TIS
   GB          Prob.
GB distribution for non-coding region upstream of TIS
   GB          Prob.
Weight for motif in region [-35,-15) and [-20, 0 )
        0.50066              0
