
TUI TIS model parameters
Minimal length of ORF: 300
GC%: 0.63991
Positional weight Matrix for signals in lower upstream region [-20, 0).
Positional weight Matrix for signals in upper upstream region [-35, -15).
Positional weight Matrix for TIS.
              A              C              G              T
          0.288          0.278          0.185          0.247
          0.240          0.325          0.433              0
          0.512          0.082          0.185          0.219
          0.271          0.229          0.407          0.090
          0.871          0.001          0.125          0.001
          0.25.          0.25.          0.25.          0.25.
          0.25.          0.25.          0.25.          0.25.
          0.226          0.309          0.463              0
          0.128          0.612          0.061          0.197
          0.385          0.190          0.308          0.115
          0.197          0.100          0.075          0.627
          0.168          0.037          0.120          0.673
          0.234          0.201          0.251          0.312
          0.197          0.387          0.274          0.140
          0.291          0.170          0.364          0.173
          0.583          0.087          0.134          0.194
          0.260          0.372          0.366              0
          0.354          0.361          0.031          0.252
          0.064          0.077          0.079          0.777
          0.115          0.691          0.170          0.023
          0.274          0.317          0.211          0.197
          0.673          0.039          0.212          0.074
Weight for the ith candidate start codon
       ith         weight
         1          0.592
         2          0.074
         3          0.111
         4          0.074
         5          0.074
         6          0.074
Distribution of distance from a TIS to its immediately upstream stop codon
  distance              %
         0          0.125
        23          0.249
        27          0.125
        31          0.125
        32          0.125
        33          0.125
        45          0.125
    others          0.125
GB distribution for coding region downstream of TIS
   GB          Prob.
   62          0.030
   66          0.030
   69          0.030
   70          0.060
   71          0.060
   73          0.090
   74          0.090
   75          0.030
   76          0.090
   77          0.090
   78          0.090
   81          0.030
   82          0.151
   83          0.060
   84          0.030
   85          0.030
GB distribution for non-coding region upstream of TIS
   GB          Prob.
   53          0.1.0
   62          0.2.0
   63          0.1.0
   65          0.1.0
   67          0.1.0
   68          0.1.0
   72          0.1.0
   74          0.1.0
   83          0.1.0
Weight for motif in region [-35,-15) and [-20, 0 )
        0.45682        0.54318
TUL TIS model parameters
Minimal length of ORF: 300
GC%: 0.63991
Positional weight Matrix for signals in lower upstream region [-20, 0).
Positional weight Matrix for signals in upper upstream region [-35, -15).
Positional weight Matrix for TIS.
              A              C              G              T
          0.460          0.185          0.222          0.131
          0.329          0.259          0.148          0.263
          0.526          0.185          0.222          0.065
              0          0.481          0.433          0.085
          0.25.          0.25.          0.25.          0.25.
          0.25.          0.25.          0.25.          0.25.
          0.25.          0.25.          0.25.          0.25.
          0.510          0.081          0.204          0.204
          0.180          0.240          0.052          0.526
          0.180          0.098          0.360          0.360
          0.277          0.444          0.277              0
          0.303          0.363          0.212          0.121
          0.352          0.396          0.052          0.198
          0.125          0.25.          0.062          0.562
          0.299          0.336          0.140          0.224
          0.190          0.238          0.095          0.476
          0.179          0.431          0.149          0.239
          0.184          0.345          0.331          0.138
          0.365          0.078          0.243          0.313
          0.307          0.115          0.346          0.230
          0.318          0.530          0.044          0.106
          0.782          0.054          0.146          0.016
Weight for the ith candidate start codon
       ith         weight
         1          0.166
         2          0.166
         3          0.166
         4          0.166
         5          0.166
         6          0.166
Distribution of distance from a TIS to its immediately upstream stop codon
  distance              %
    others          0.050
GB distribution for coding region downstream of TIS
   GB          Prob.
GB distribution for non-coding region upstream of TIS
   GB          Prob.
Weight for motif in region [-35,-15) and [-20, 0 )
        0.45682              0
