3
1254
2874
4605
5248
5744
6119
6466
9222
10265
10773
11415
11589
12651
13628
13898
14281
14763
15242
15763
16240
17020
17356
17702
18074
18695
18961
19716
19892
20026
21425
23541
23889
24135
24522
24721
25001
25166
25333
25351
25521
25926
27935
28614
29479
29873
30462
30704
30921
31143
31130
31756
32130
32696
33154
33552
33743
34035
34334
35329
36317
36550
24260
32407
30368
